Call:
lda(num ~ ., data = clevdata)

Prior probabilities of groups:
         0          1          2          3          4
0.50248756 0.18407960 0.12935323 0.12935323 0.05472637

Group means:
       age       sex       cp trestbps       htn     chol     cigs    years
0 53.52475 0.5247525 2.841584 128.7921 0.5544554 249.3465 14.52475 13.77228
1 55.86486 0.8918919 3.459459 132.7838 0.7027027 252.4324 21.67568 17.27027
2 58.00000 0.8076923 3.692308 133.0385 0.7307692 274.0000 15.30769 15.15385
3 56.03846 0.8076923 3.807692 136.7308 0.4230769 252.1923 15.88462 12.73077
4 59.54545 0.9090909 3.636364 140.0000 0.6363636 233.5455 26.27273 22.63636
         fbs   famhist   restecg    ekgmo   ekgday    ekgyr        dig
0 0.14851485 0.5445545 1.0000000 5.900990 14.89109 82.30693 0.06930693
1 0.08108108 0.6756757 1.1351351 6.756757 13.29730 82.02703 0.00000000
2 0.19230769 0.8076923 0.9230769 5.192308 12.34615 82.38462 0.00000000
3 0.23076923 0.5384615 1.1538462 5.692308 16.80769 82.03846 0.00000000
4 0.09090909 0.5454545 1.6363636 7.636364 14.18182 82.09091 0.00000000
       prop      nitr        pro  diuretic  thaldur thaltime       met  thalach
0 0.2772277 0.2079208 0.11881188 0.1386139 8.836634 4.271287 10.227723 157.2376
1 0.3783784 0.3513514 0.10810811 0.1081081 8.294595 6.027027  9.837838 145.3784
2 0.5769231 0.3076923 0.15384615 0.1153846 7.873077 6.215385  8.807692 132.3846
3 0.3846154 0.4230769 0.03846154 0.1923077 6.707692 4.642308  8.076923 132.9231
4 0.3636364 0.2727273 0.00000000 0.0000000 6.027273 4.863636  7.363636 139.4545
  thalrest tpeakbps tpeakbpd trestbpd     exang      xhypo   oldpeak    slope
0 77.28713 170.0891 78.96040 84.23762 0.1782178 0.00990099 0.7435644 1.504950
1 72.37838 172.3243 77.59459 85.05405 0.5405405 0.02702703 1.2864865 1.702703
2 69.76923 158.4615 81.69231 85.26923 0.5769231 0.07692308 1.7653846 1.961538
3 75.11538 160.2692 79.26923 87.65385 0.6538462 0.07692308 2.2884615 2.038462
4 74.63636 165.4545 84.09091 86.63636 0.5454545 0.00000000 2.0272727 2.000000
    rldv5e        ca     thal      cmo     cday      cyr  ladprox  laddist
0 122.9010 0.3267327 3.792079 5.811881 15.22772 82.30693 1.000000 1.000000
1 131.3243 0.8648649 5.432432 6.756757 14.67568 82.02703 1.270270 1.324324
2 127.0000 1.3076923 6.115385 5.153846 13.61538 82.42308 1.423077 1.384615
3 138.9231 1.4230769 6.538462 5.923077 16.50000 82.07692 1.461538 1.730769
4 107.8182 1.4545455 6.181818 7.636364 15.36364 82.00000 1.272727 1.545455
    cxmain      om1  rcaprox  rcadist
0 1.000000 1.000000 1.000000 1.000000
1 1.135135 1.081081 1.216216 1.108108
2 1.384615 1.346154 1.576923 1.230769
3 1.500000 1.730769 1.461538 1.576923
4 1.545455 1.545455 1.454545 1.272727

Coefficients of linear discriminants:
                   LD1           LD2          LD3           LD4
age      -0.0064021152 -0.0425071101  0.017806402 -1.388222e-02
sex       0.2188951081 -0.8385787717  0.966289676 -1.080167e-01
cp        0.0836865201 -0.0684255751  0.213747047 -2.619771e-01
trestbps  0.0086722361 -0.0110214859  0.009667569  7.267368e-03
htn       0.1339883778 -0.5852997536 -0.309526408  3.116354e-01
chol     -0.0001853615 -0.0026943630 -0.007365030  1.378357e-03
cigs      0.0014297509 -0.0040736758  0.023693179 -5.710203e-03
years    -0.0058677471  0.0064698922 -0.010415602  2.424284e-02
fbs      -0.0677560105  0.4462514441 -0.809205331  1.160757e-01
famhist  -0.1536120593 -0.6331094392 -0.046988498 -7.834152e-03
restecg   0.0020724640  0.0306173919  0.343424560  1.242487e-01
ekgmo    -0.0333931677 -0.1894708072  0.003215433  1.790893e-01
ekgday    0.0307768259  0.0202459475  0.004269374 -1.967420e-02
ekgyr     0.2849909378 -0.1910807911  3.244719860  3.043414e+00
dig      -0.5880796669  1.2356661900 -0.935588867  4.891422e-01
prop     -0.2044468618 -0.4228151708  0.314419800  2.952549e-01
nitr     -0.0500314492 -0.1132297678 -0.008236496 -6.704832e-01
pro      -0.0422771375 -0.3051736743 -0.212490269 -7.934840e-02
diuretic  0.0903449725 -0.1880557316 -0.424110167 -3.147873e-01
thaldur   0.0123720933 -0.0940568662 -0.296638460  2.257168e-01
thaltime  0.0352787900 -0.1062383655  0.033833393  2.174663e-03
met      -0.0227104963  0.0333032838  0.052992717 -2.510038e-01
thalach   0.0004083536  0.0016079361  0.014067133 -2.553563e-05
thalrest -0.0143560702  0.0142803750  0.001611765 -7.030841e-03
tpeakbps -0.0071065254 -0.0069409621  0.008450720 -1.586376e-02
tpeakbpd  0.0126391705  0.0036640956 -0.017755491  4.596684e-02
trestbpd -0.0092676913  0.0131619284 -0.014903990 -3.778290e-02
exang     0.3742483643 -0.6846868868 -0.162847360 -3.792109e-01
xhypo    -0.3070163922 -0.9550240951 -0.837879117 -9.084565e-01
oldpeak  -0.0507070406  0.3552810935 -0.016595052  7.428472e-02
slope     0.2158763397 -0.3990518860  0.152776941  1.517427e-01
rldv5e   -0.0016341882 -0.0009474799 -0.004657443 -6.008307e-03
ca        0.0604185429 -0.1322843859  0.044212892  3.194839e-02
thal      0.1790094224 -0.0163313489 -0.036193049 -1.153858e-01
cmo       0.0652759054  0.1570432167  0.099289729 -1.540472e-01
cday     -0.0202700434  0.0109527280  0.006883157  1.056202e-02
cyr      -0.2318889441  0.0552735975 -3.287530952 -2.820889e+00
ladprox   2.1449671081 -0.7520705684 -0.456454141 -3.504782e-01
laddist   2.2474742138  0.3244757867  0.480884470 -6.849638e-01
cxmain    2.4577588717  0.6761926661  0.110008133  9.377253e-01
om1       2.3487229073  1.7069044343 -0.588196080  6.720648e-01
rcaprox   2.5240275251 -0.9443404888 -0.769549935  8.529602e-01
rcadist   1.8594484941  0.6017481881 -0.073459411 -4.100481e-01

Proportion of trace:
   LD1    LD2    LD3    LD4
0.9090 0.0477 0.0268 0.0164
