Call:
lda(num ~ ., data = ex3dathun)

Prior probabilities of groups:
        0         1         2         3         4
0.2954545 0.2045455 0.1590909 0.2272727 0.1136364

Group means:
       age       sex   painloc  painexer   relrest       cp trestbps       htn
0 51.53846 0.4615385 0.8461538 0.4230769 0.4230769 2.884615 131.6923 0.3076923
1 47.72222 0.8333333 1.0000000 0.8333333 0.8888889 3.722222 130.9444 0.5000000
2 51.07143 0.9285714 1.0000000 1.0000000 0.9285714 4.000000 145.8571 0.7142857
3 51.15000 0.9000000 0.9500000 0.7000000 0.7000000 3.400000 140.8000 0.4000000
4 50.40000 0.8000000 1.0000000 0.9000000 1.0000000 3.900000 138.5000 0.5000000
      chol       fbs   restecg    ekgmo   ekgday    ekgyr       prop       nitr
0 246.9615 0.0000000 0.2307692 6.192308 14.96154 85.03846 0.07692308 0.11538462
1 246.0000 0.1111111 0.1111111 5.333333 16.61111 85.55556 0.11111111 0.22222222
2 288.4286 0.2142857 0.1428571 4.642857 16.07143 85.57143 0.14285714 0.07142857
3 250.4500 0.1500000 0.3000000 5.750000 17.60000 85.35000 0.05000000 0.25000000
4 275.0000 0.1000000 0.4000000 7.200000 16.80000 84.90000 0.20000000 0.20000000
         pro   diuretic    proto  thaldur thaltime      met  thalach thalrest
0 0.03846154 0.00000000 83.65385 9.038462 8.038462 5.269231 136.1923 81.26923
1 0.22222222 0.00000000 81.94444 9.055556 7.972222 5.111111 129.8333 76.77778
2 0.07142857 0.07142857 75.00000 8.428571 7.285714 4.235714 119.0714 82.57143
3 0.20000000 0.05000000 76.25000 7.975000 6.800000 4.820000 121.5000 71.95000
4 0.20000000 0.00000000 60.00000 5.900000 4.950000 3.800000 127.0000 82.30000
  tpeakbps  tpeakbpd trestbpd     exang  oldpeak    slope    rldv5   rldv5e
0 176.1538  95.15385 84.96154 0.5000000 1.242308 1.653846 15.53846 15.46154
1 171.4444  96.94444 83.55556 0.8333333 1.611111 2.000000 15.00000 14.94444
2 181.1429 100.35714 90.71429 0.9285714 1.785714 2.071429 14.00000 13.57143
3 182.0000  98.95000 89.05000 0.7500000 1.750000 2.000000 12.90000 13.55000
4 171.0000  94.20000 89.40000 0.9000000 2.300000 2.000000 17.80000 16.50000
       cmo     cday      cyr
0 6.307692 15.30769 85.03846
1 5.722222 16.11111 85.55556
2 4.642857 20.28571 85.57143
3 6.300000 18.10000 85.30000
4 7.200000 21.60000 85.00000

Coefficients of linear discriminants:
                   LD1           LD2          LD3          LD4
age      -0.0319039718  0.0949747891  0.013319391  0.025531882
sex       1.0915165611 -1.0511591741 -0.128089043 -0.217640165
painloc   0.1592508146 -0.5982393519  0.751516162 -1.356165886
painexer  1.0443921480 -1.8274651017  0.423915039 -0.129822932
relrest  -0.5353907890  0.3080857927  1.366855699 -1.292874896
cp        0.2051091438  1.0860954298 -0.347952792  0.582142933
trestbps -0.0291801216 -0.0210943388 -0.005915740  0.010631108
htn       0.7977232482  0.7125540372  0.687763392  0.090163649
chol      0.0059740613  0.0003533943 -0.008706924  0.001824229
fbs       0.3020817737 -1.2745529471  0.340669290 -0.124606147
restecg  -0.0034817198  0.0287925187 -0.860566466 -0.477512401
ekgmo     0.1766896834  0.2064361753 -0.235624384 -0.163174965
ekgday   -0.0008617825 -0.0371982064 -0.025145255 -0.019070970
ekgyr    -2.1415512648 -2.4433469890  1.742048061  0.200436115
prop     -1.7298024975  2.4134058221  0.644332191  0.279975382
nitr     -1.3114932699 -1.8866584974 -1.084697545  0.526330742
pro       2.2930978213 -0.2622377510 -0.638507586 -1.800873718
diuretic  4.0807841243 -1.4825164759 -3.921468835  0.528639304
proto    -0.0268455617  0.0109964005 -0.052095246 -0.002381793
thaldur  -0.1915704888 -0.2807526053  0.116598448  0.766573761
thaltime  0.2397031414  0.3449238438  0.509998503 -0.660418467
met       0.1538161967 -0.1558001805 -0.188012336  0.045169327
thalach  -0.0113911821 -0.0075009574  0.012289493 -0.030730660
thalrest -0.0148107903  0.0404184418  0.014743907  0.032907539
tpeakbps  0.0055246183 -0.0024652818 -0.014276027  0.015577249
tpeakbpd  0.0147301260  0.0121621412  0.034171915 -0.027803617
trestbpd  0.0447580846 -0.0017554695 -0.059802256  0.041413630
exang     0.3026614220 -0.0396448017  0.081711393 -0.223888568
oldpeak   0.5557096564  0.6919891057 -0.374908659 -0.319812279
slope     1.5871575130 -0.1881557988  0.947157542  0.617202485
rldv5     0.0870335285  0.2322222300  0.056690032 -0.001700644
rldv5e   -0.0568400417 -0.1650279852 -0.053695184 -0.020264457
cmo      -0.1012481889 -0.1914088336  0.070107909  0.059942757
cday      0.0266986647  0.0502210848 -0.025879692  0.029755031
cyr       2.4408858944  2.4327046963 -1.459350228 -0.307030741

Proportion of trace:
   LD1    LD2    LD3    LD4
0.5086 0.2406 0.1662 0.0846
