
Call:
lda(num ~ ., data = ex3datlon)

Prior probabilities of groups:
        0         1         2         3         4
0.1808511 0.3191489 0.2553191 0.2234043 0.0212766

Group means:
       age       sex   painloc  painexer   relrest       cp trestbps       htn
0 58.88235 0.8823529 1.0000000 0.5882353 0.8235294 3.470588 124.5882 0.5294118
1 56.63333 0.9333333 0.9666667 0.8666667 0.9333333 3.833333 131.4667 0.5333333
2 60.58333 1.0000000 0.9583333 0.7916667 0.8333333 3.625000 136.6250 0.6666667
3 62.95238 1.0000000 0.9047619 0.8571429 0.9047619 3.714286 140.9048 0.7142857
4 63.50000 1.0000000 1.0000000 1.0000000 1.0000000 4.000000 148.0000 0.5000000
      chol     smoke     cigs    years       fbs   famhist   restecg    ekgmo
0 198.9412 0.5294118 24.70588 27.23529 0.4117647 0.7058824 0.7647059 5.647059
1 194.0000 0.4333333 19.90000 17.00000 0.3666667 0.4666667 0.7000000 6.700000
2 174.0417 0.5833333 18.33333 24.41667 0.2500000 0.4166667 0.7083333 6.208333
3 217.4286 0.5714286 23.80952 27.76190 0.3333333 0.3809524 0.6666667 7.000000
4 251.0000 1.0000000 30.00000 38.50000 0.5000000 1.0000000 0.5000000 6.000000
    ekgday    ekgyr        dig      prop      nitr       pro  diuretic    proto
0 15.05882 84.58824 0.11764706 0.4117647 0.7058824 0.1764706 0.3529412 3.588235
1 16.13333 84.40000 0.06666667 1.0666667 0.5666667 0.2000000 0.1666667 3.566667
2 13.33333 84.83333 0.12500000 0.4583333 0.5416667 0.2916667 0.3750000 4.000000
3 15.28571 84.42857 0.09523810 0.4285714 0.6190476 0.2380952 0.3809524 3.904762
4 26.50000 86.50000 0.50000000 0.0000000 1.0000000 0.5000000 0.5000000 5.000000
   thaldur      met  thalach thalrest tpeakbps tpeakbpd trestbpd     exang
0 5.858824 5.876471 115.3529 63.94118 159.7059 88.35294 78.23529 0.4705882
1 6.758333 6.740000 121.9667 69.70000 162.9667 91.66667 80.63333 0.6000000
2 6.504167 6.375000 122.0000 69.62500 172.0417 90.62500 83.29167 0.7083333
3 5.730952 5.619048 116.8571 67.04762 159.4286 83.66667 83.47619 0.9047619
4 4.250000 3.500000 124.0000 76.50000 170.0000 84.00000 79.00000 1.0000000
       xhypo   oldpeak    rldv5   rldv5e      cmo     cday      cyr      lmt
0 0.00000000 0.7529412 15.88235 17.52941 6.000000 10.52941 84.64706 10.47059
1 0.00000000 0.9166667 16.70000 16.06667 6.333333 16.13333 84.53333  1.00000
2 0.04166667 1.3791667 14.75000 14.83333 6.791667 14.58333 84.91667  1.00000
3 0.04761905 1.7142857 15.42857 15.47619 7.952381 14.09524 84.52381  1.00000
4 0.00000000 3.5000000 24.00000 19.50000 7.000000  6.50000 86.50000  2.00000
   ladprox  laddist     diag   cxmain ramus      om1      om2  rcaprox  rcadist
0 1.000000 1.000000 1.117647 1.000000 1.000 1.000000 1.000000 1.000000 1.000000
1 1.166667 1.133333 1.133333 1.333333 1.000 1.100000 1.033333 1.233333 1.100000
2 1.458333 1.166667 1.125000 1.458333 1.125 1.291667 1.083333 1.708333 1.083333
3 1.761905 1.238095 1.238095 1.857143 1.000 1.285714 1.095238 1.857143 1.238095
4 1.500000 1.000000 1.000000 2.000000 1.000 1.000000 1.000000 2.000000 1.000000

Coefficients of linear discriminants:
                   LD1          LD2          LD3          LD4
age       0.0990101557  0.035457144 -0.029404453 -0.037368451
sex      -0.7001377631 -1.223212780  2.472604131 -0.385002333
painloc   1.3527943877  2.689379586 -1.442324304  0.925270543
painexer  1.6779571229  1.095644137  1.132485802  0.132422919
relrest   1.0061607957  2.683724569  1.044784632 -0.315270284
cp       -1.3452114777 -2.179502234 -0.074000882  0.276431196
trestbps  0.0152057624  0.043147540  0.019492777  0.004725401
htn       0.2007845282 -0.213314404 -0.049905568  0.516879641
chol      0.0022668552  0.003074371  0.000609473 -0.004283149
smoke     1.3848919525  0.579322247  0.717647892 -0.203604359
cigs     -0.0021092781  0.040230996 -0.017470605 -0.046310142
years    -0.0189346337 -0.009935330 -0.025142432  0.020697154
fbs      -0.5602845218 -0.600564294  0.917260811 -0.583766088
famhist   0.2368404852  0.633387492  0.062625332 -0.435654580
restecg   0.3148426505  0.054613753  0.230598184 -0.620653987
ekgmo     0.1066755233  0.146072767  0.174751517  0.051019305
ekgday    0.0302154060  0.042708813  0.006610623  0.007431638
ekgyr    -0.6058539073  1.011772666 -0.482944430  1.028674481
dig       0.1934068922  1.829523966  0.420059417  1.532752361
prop     -0.0258580607 -0.128530397 -0.013717278 -0.004001685
nitr     -0.2979245919  0.890522089  0.221162357 -0.115880411
pro       0.2277745757  0.495507245 -0.293334921  0.886596619
diuretic -0.5265872971 -1.108015873 -0.622279383 -0.614113919
proto     0.0389888030 -0.304394784 -0.045447788  0.044131177
thaldur   0.0974633776  0.347965964  0.471833171 -0.506561997
met       0.0520777936 -0.547177132 -0.234459599  0.387387794
thalach   0.0012019440 -0.009656180  0.001428743  0.009332465
thalrest  0.0349744126  0.037022030  0.013999657  0.005532030
tpeakbps -0.0005518933  0.012532493 -0.016658042  0.026948500
tpeakbpd  0.0110131580  0.013873221  0.019296564  0.018578019
trestbpd -0.0101443057 -0.111258996  0.003785584  0.004558456
exang    -0.2885342130 -0.491316817  0.711632300 -0.290403026
xhypo    -2.0890734776 -1.546304470 -2.533162072  2.585953825
oldpeak   0.0562423983  0.729631495 -0.150881175 -0.454416331
rldv5     0.1212482697  0.141480974  0.244757211  0.074758659
rldv5e   -0.1098458488 -0.119370257 -0.225942614  0.008272690
cmo      -0.0044982969 -0.215097791 -0.184654932  0.011105799
cday      0.0154098050 -0.018575403  0.045237609  0.014481709
cyr       0.7728103647 -0.622781492  0.438416369 -0.517516020
lmt      -0.0076644410  0.016199837 -0.011799002 -0.006409811
ladprox   5.1429956452 -0.236848734 -0.756165644 -0.403482082
laddist   5.4700303913 -0.538647061 -0.111674357 -0.040224894
diag      0.1674878034 -0.867356837 -0.233108173 -0.424424671
cxmain    4.9690488611  0.288788245  0.491785610 -0.752048882
ramus     2.2794956046 -2.518189778 -1.110123699  4.143654026
om1       2.7419747798 -0.569683759  0.382398821  0.098133650
om2       1.3014833954  0.573435941 -1.109721994 -1.917714264
rcaprox   4.3481392232  0.005190937 -0.578608990  1.523789635
rcadist   1.9383005198  0.312683826  0.793005347 -2.408552088

Proportion of trace:
   LD1    LD2    LD3    LD4
0.9072 0.0418 0.0262 0.0248 
