Call:
lda(num ~ ., data = swidata)

Prior probabilities of groups:
         0          1          2          3          4
0.05940594 0.39603960 0.26732673 0.22772277 0.04950495

Group means:
       age       sex   painloc  painexer   relrest       cp trestbps   restecg
0 52.00000 1.0000000 0.6666667 0.3333333 0.3333333 3.166667 117.5000 0.1666667
1 56.80000 0.8750000 0.9500000 0.8500000 0.8000000 3.675000 129.3750 0.3250000
2 53.59259 0.9259259 0.8888889 0.8888889 0.8888889 3.740741 132.5926 0.4074074
3 58.65217 0.9565217 1.0000000 0.9130435 0.7826087 3.782609 140.6522 0.3478261
4 52.00000 1.0000000 1.0000000 1.0000000 1.0000000 4.000000 120.0000 0.4000000
     ekgmo   ekgday    ekgyr        dig      prop      nitr       pro  diuretic
0 2.500000 21.33333 84.83333 0.00000000 0.3333333 0.3333333 0.5000000 0.0000000
1 4.100000 16.27500 84.65000 0.00000000 0.4250000 0.4000000 0.4000000 0.1000000
2 5.814815 13.66667 84.48148 0.03703704 0.3703704 0.2962963 0.4814815 0.2222222
3 5.695652 13.95652 84.52174 0.00000000 0.3913043 0.2608696 0.4347826 0.4347826
4 5.800000 18.60000 84.60000 0.00000000 0.6000000 1.0000000 0.4000000 0.2000000
    thaldur  thalach thalrest tpeakbps tpeakbpd trestbpd     exang      xhypo
0 10.000000 143.1667 68.00000 175.8333 82.50000 75.00000 0.1666667 0.00000000
1  7.557500 123.7500 69.52500 171.7500 86.37500 81.62500 0.4750000 0.00000000
2  7.518519 125.3333 72.11111 169.8148 88.14815 83.51852 0.4074074 0.03703704
3  6.947826 104.2174 64.52174 160.0000 86.08696 87.17391 0.6086957 0.13043478
4  6.900000 109.8000 74.20000 138.0000 78.00000 76.00000 0.4000000 0.20000000
    oldpeak      cmo     cday      cyr  ladprox  laddist     diag   cxmain
0 0.3333333 2.333333 21.33333 84.83333 1.000000 1.000000 1.166667 1.000000
1 0.3675000 4.075000 17.12500 84.70000 1.300000 1.175000 1.075000 1.100000
2 0.7555556 5.814815 13.77778 84.37037 1.592593 1.481481 1.259259 1.333333
3 0.8608696 5.739130 14.21739 84.52174 1.782609 1.521739 1.478261 1.521739
4 0.9600000 6.000000 14.20000 84.60000 1.800000 1.200000 1.000000 1.400000
     ramus      om1      om2  rcaprox  rcadist
0 1.000000 1.000000 1.000000 1.000000 1.000000
1 1.025000 1.000000 1.000000 1.275000 1.125000
2 1.185185 1.000000 1.148148 1.518519 1.222222
3 1.521739 1.347826 1.130435 1.739130 1.521739
4 1.200000 1.200000 1.000000 1.400000 1.200000

Coefficients of linear discriminants:
                   LD1           LD2          LD3           LD4
age      -0.0007858366  0.0628048943 -0.071526268 -0.0417811598
sex       0.8186870033  0.2412555376  0.363652833  0.3287857513
painloc  -0.3837830485  2.2727914494 -1.184109094 -3.4202311632
painexer  0.9118113566 -1.4374997954  0.056616312 -2.5683124594
relrest  -1.2647469151 -1.2871470954  0.420021842 -0.3980500354
cp        0.3521125467  0.6077931365  0.237965504  1.4684042267
trestbps  0.0052216770 -0.0003397642  0.022936687 -0.0002354636
restecg  -0.2637513280 -0.3449011590  0.449630173 -0.2538746008
ekgmo     0.0417657735 -0.0734676135  0.099042462  0.2295703277
ekgday   -0.0056874619  0.0230409744  0.050349943  0.0416943072
ekgyr     0.5069361444  0.5686400550  0.296652266  0.3918472529
dig      -2.5341631270 -2.9792700230 -1.502320680  0.4888530492
prop     -0.2807770793 -0.0863581677  0.267336756 -0.1333181334
nitr      0.4315496561  0.2855985294  1.759176079 -0.4000743686
pro      -0.0005018530 -0.7611546405 -0.194037649  0.5060712017
diuretic  0.7636514352  0.7979700757 -0.147302771  0.0096484846
thaldur  -0.0033692288 -0.0929494992  0.081758599  0.0702982571
thalach  -0.0087387451 -0.0094572112 -0.009259432 -0.0050115022
thalrest  0.0504091039  0.0242042236  0.022939061 -0.0254912923
tpeakbps -0.0081181662 -0.0013325295 -0.020142259  0.0032913902
tpeakbpd -0.0111369375 -0.0140911285 -0.002362359  0.0210386963
trestbpd  0.0361591182 -0.0007605452 -0.024619507 -0.0320079275
exang    -0.1520069720  0.6009664626 -0.429942733 -0.4604614290
xhypo    -0.3341779201  1.5596277090  1.378414692  1.2645700698
oldpeak   0.1908935156 -0.0967478433  0.388405128  0.2164803514
cmo       0.0277780256  0.2412607985  0.073061630 -0.1960612646
cday     -0.0151970362 -0.0148062415 -0.026759876 -0.0152737194
cyr       0.2318645756  0.6265312268  0.095369608 -0.6515047003
ladprox   1.7277441803 -1.2217191986  0.314767813 -0.1033884127
laddist   1.1672585854 -0.8125308678 -0.278617954 -0.6830410921
diag      0.2504224578 -0.3244353820 -0.673472037  0.3895221999
cxmain    1.7362037233 -0.3507318707 -0.017925974  0.4765159079
ramus     1.1291841912  0.2856883362  0.286684835  1.0561701368
om1      -0.1893535303  3.8891176666 -0.704398542  0.5598622966
om2       0.4071110870 -2.5992153764 -0.676202349 -0.4854881569
rcaprox   1.4316751371 -0.7666014034 -0.317212280 -0.2971793102
rcadist   1.0688251201 -0.2259274588 -0.629453212  0.1276147609

Proportion of trace:
   LD1    LD2    LD3    LD4
0.6579 0.1599 0.1086 0.0736
