Loadings:
         Comp.1 Comp.2 Comp.3 Comp.4 Comp.5 Comp.6 Comp.7 Comp.8 Comp.9 Comp.10
age       0.192        -0.196                0.167        -0.122  0.163  0.372
sex             -0.195  0.306  0.193                             -0.303
cp        0.208                                            0.384        -0.116
trestbps  0.133 -0.144 -0.297  0.222  0.107  0.119        -0.149
htn                     0.222        -0.189  0.390         0.117
chol                   -0.184                              0.184  0.213  0.222
cigs            -0.200  0.181  0.231 -0.292        -0.128        -0.214
years           -0.189  0.145  0.223 -0.330  0.138               -0.156
fbs                    -0.128  0.143        -0.214  0.132                0.129
famhist                               0.123  0.140         0.133  0.162 -0.136
restecg         -0.103 -0.132                      -0.128  0.238
ekgmo           -0.244        -0.433 -0.109         0.220 -0.161 -0.144
ekgday                                0.384  0.326  0.255  0.298 -0.109
ekgyr            0.414         0.193                0.268        -0.129 -0.212
dig              0.105                       0.195 -0.112 -0.150 -0.230
prop      0.102  0.107                0.162 -0.263 -0.247  0.105         0.173
nitr      0.142  0.107        -0.128               -0.141        -0.180  0.131
pro              0.236                      -0.115         0.154 -0.222
diuretic                              0.128 -0.417               -0.136  0.199
thaldur  -0.301 -0.109  0.237  0.125  0.184 -0.149
thaltime                0.154         0.153               -0.191  0.359 -0.189
met      -0.295 -0.137  0.228  0.135  0.181 -0.167
thalach  -0.298 -0.172                              0.130  0.101  0.106 -0.141
thalrest               -0.229        -0.254         0.221  0.145  0.194 -0.113
tpeakbps        -0.211 -0.236  0.297                      -0.211
tpeakbpd        -0.167 -0.330  0.142               -0.128  0.161 -0.148 -0.159
trestbpd        -0.222 -0.314  0.112  0.130        -0.106        -0.167 -0.194
exang     0.224               -0.100                             -0.207 -0.157
xhypo     0.104  0.153        -0.229        -0.102               -0.113
oldpeak   0.280                       0.185               -0.219  0.150 -0.159
slope     0.232                       0.230        -0.120 -0.217        -0.263
rldv5e                         0.126  0.127  0.166        -0.295
ca        0.213                0.113 -0.124         0.283         0.211  0.251
thal      0.231 -0.163  0.167  0.102                             -0.143
cmo             -0.243        -0.433 -0.116         0.209 -0.162 -0.122
cday                                  0.391  0.294  0.280  0.243 -0.135
cyr              0.415         0.195                0.261        -0.130 -0.218
lmt       0.130 -0.106                              0.132               -0.126
ladprox   0.183         0.147                      -0.234  0.150  0.132
laddist   0.206         0.107               -0.114  0.254
cxmain    0.189         0.150  0.104                              0.111  0.201
om1       0.249                             -0.108  0.202
rcaprox   0.191                             -0.237  0.162  0.151  0.181 -0.291
rcadist   0.196         0.103                       0.183 -0.130         0.250
