Loadings:
         Comp.1 Comp.2 Comp.3 Comp.4 Comp.5 Comp.6 Comp.7 Comp.8 Comp.9 Comp.10
age       0.162         0.184        -0.253        -0.105 -0.185 -0.114  0.137
sex             -0.144 -0.164 -0.236                              0.232
painloc   0.143        -0.261 -0.112  0.116                              0.214
painexer  0.212        -0.335               -0.146
relrest   0.228        -0.332                             -0.159        -0.108
cp        0.229        -0.357               -0.163        -0.115
trestbps  0.213         0.179 -0.290  0.113               -0.214         0.198
htn             -0.160  0.101                0.247         0.125  0.230  0.214
chol                          -0.139 -0.207 -0.105         0.186 -0.529
fbs             -0.170        -0.127 -0.193  0.168         0.265 -0.304 -0.195
restecg                                                          -0.135  0.304
ekgmo    -0.191        -0.177        -0.276         0.344 -0.380
ekgday                 -0.108        -0.254  0.479 -0.110         0.255
ekgyr     0.126 -0.312  0.189               -0.181  0.237         0.101 -0.326
prop      0.132 -0.253         0.301  0.117         0.112                0.194
nitr            -0.286         0.402                                     0.163
pro             -0.309         0.355                             -0.105  0.119
diuretic                0.129 -0.101  0.149         0.275  0.123  0.377  0.281
proto    -0.312 -0.277 -0.136 -0.121
thaldur  -0.305 -0.277 -0.135 -0.130
thaltime -0.303 -0.270 -0.138 -0.128               -0.111                0.113
met      -0.306 -0.227                             -0.192
thalach  -0.259               -0.135  0.126         0.376  0.177 -0.142
thalrest                      -0.126                0.539  0.233 -0.141  0.269
tpeakbps        -0.225        -0.292         0.170        -0.264
tpeakbpd        -0.191  0.271 -0.231         0.134        -0.199
trestbpd  0.157         0.155 -0.301  0.137               -0.207 -0.150  0.256
exang     0.237        -0.216 -0.140                                    -0.175
oldpeak          0.113        -0.168  0.217  0.146                0.259 -0.200
slope     0.156        -0.245                0.280         0.287
rldv5    -0.147  0.126                0.439  0.283        -0.130 -0.232 -0.109
rldv5e   -0.128                0.116  0.444  0.289        -0.179 -0.172 -0.129
cmo      -0.175        -0.194        -0.284  0.103  0.297 -0.395
cday            -0.123               -0.229  0.387  0.133  0.142        -0.211
cyr       0.130 -0.316  0.179               -0.181  0.222               -0.331
         Comp.11 Comp.12 Comp.13 Comp.14 Comp.15 Comp.16 Comp.17 Comp.18 Comp.19
age              -0.196           0.251   0.560   0.118          -0.233
sex       0.345  -0.195   0.342  -0.318   0.238   0.321   0.132
painloc  -0.370           0.136                   0.309           0.141   0.665
painexer                 -0.169   0.297   0.113  -0.110   0.162          -0.180
relrest                  -0.125                  -0.175   0.163          -0.122
cp                       -0.200   0.200                   0.138
trestbps  0.144          -0.102  -0.127          -0.107                   0.135
htn       0.341   0.216  -0.289   0.185  -0.297   0.356           0.248
chol      0.230   0.198  -0.115  -0.128   0.142          -0.230   0.355   0.109
fbs       0.279   0.104           0.280                          -0.366   0.110
restecg          -0.712           0.138          -0.178  -0.343   0.203  -0.138
ekgmo     0.143   0.137
ekgday   -0.152          -0.225   0.169                          -0.179
ekgyr            -0.165  -0.165                   0.107  -0.111
prop              0.239                          -0.144  -0.287  -0.136
nitr                      0.244
pro                       0.277                  -0.118   0.247
diuretic          0.181  -0.185  -0.106   0.464  -0.327  -0.135
proto
thaldur
thaltime                 -0.118
met      -0.149  -0.114           0.152                          -0.108
thalach  -0.106                   0.193  -0.196  -0.188          -0.174   0.139
thalrest                          0.132           0.282   0.278          -0.301
tpeakbps -0.267   0.178   0.161   0.264                           0.216  -0.117
tpeakbpd -0.235   0.123   0.167                                   0.248  -0.278
trestbpd  0.107                  -0.248  -0.278  -0.106   0.202  -0.314
exang    -0.157                  -0.208  -0.189   0.151  -0.397  -0.397
oldpeak   0.331           0.367   0.333          -0.339           0.123   0.208
slope    -0.114           0.175  -0.171   0.116          -0.223          -0.336
rldv5     0.105          -0.210           0.102
rldv5e                   -0.210           0.224   0.156
cmo       0.175   0.117                                  -0.152
cday     -0.162  -0.153  -0.208  -0.305          -0.319   0.392   0.246   0.207
cyr              -0.170  -0.160                   0.107
         Comp.20 Comp.21 Comp.22 Comp.23 Comp.24 Comp.25 Comp.26 Comp.27 Comp.28
age       0.120           0.121   0.313                   0.370
sex       0.223          -0.187  -0.242   0.168   0.152          -0.209   0.143
painloc  -0.147                                                   0.117
painexer                  0.246  -0.283                   0.165  -0.361  -0.103
relrest                  -0.404   0.275   0.145   0.239           0.442
cp                                                               -0.136   0.114
trestbps         -0.297   0.334           0.141   0.510  -0.301          -0.187
htn      -0.130   0.214           0.237                   0.286
chol      0.236  -0.218  -0.194   0.170          -0.108          -0.140   0.155
fbs      -0.343   0.220  -0.102  -0.194                  -0.306
restecg  -0.164   0.187  -0.102  -0.158
ekgmo                                    -0.146           0.134
ekgday    0.275  -0.440  -0.233  -0.174          -0.162  -0.204
ekgyr            -0.158                          -0.127
prop      0.392   0.124   0.164  -0.428                   0.178   0.300   0.167
nitr                              0.233          -0.122  -0.221  -0.439
pro                      -0.151   0.142                                  -0.132
diuretic -0.170   0.162  -0.203   0.162                  -0.178  -0.116
proto                     0.129                                   0.119
thaldur                                          -0.118           0.145  -0.308
thaltime                                                                 -0.332
met                               0.122  -0.274   0.342                   0.633
thalach          -0.126  -0.282           0.234   0.234   0.398  -0.343  -0.144
thalrest  0.252           0.244   0.148  -0.118          -0.193   0.176
tpeakbps          0.257   0.126           0.539  -0.209  -0.151           0.135
tpeakbpd                 -0.286  -0.111  -0.573   0.139                  -0.195
trestbpd -0.119  -0.102                          -0.482   0.222           0.264
exang     0.252   0.328           0.313                          -0.170  -0.178
oldpeak   0.218  -0.126   0.144   0.217  -0.203  -0.163           0.124
slope    -0.432  -0.353   0.195                           0.263
rldv5                                                            -0.109   0.106
rldv5e                                                                   -0.111
cmo
cday              0.227   0.216
cyr              -0.201
         Comp.29 Comp.30 Comp.31 Comp.32 Comp.33 Comp.34 Comp.35
age
sex
painloc   0.109  -0.125  -0.149
painexer         -0.242  -0.430           0.125
relrest   0.304   0.138  -0.202           0.107
cp       -0.187   0.265   0.655          -0.249
trestbps
htn
chol     -0.112
fbs
restecg
ekgmo     0.102                  -0.661
ekgday                           -0.142
ekgyr                                            -0.412  -0.567
prop
nitr      0.424   0.328
pro      -0.542  -0.385          -0.160
diuretic
proto                    -0.242          -0.800
thaldur                   0.196           0.265  -0.557   0.430
thaltime                  0.134           0.297   0.550  -0.429
met      -0.155                           0.217
thalach           0.121
thalrest
tpeakbps                                  0.102
tpeakbpd
trestbpd
exang    -0.177
oldpeak
slope                     0.140
rldv5     0.374  -0.523   0.266
rldv5e   -0.356   0.481  -0.261
cmo                               0.671
cday                              0.132
cyr                                               0.441   0.543
