Loadings:
         Comp.1 Comp.2 Comp.3 Comp.4 Comp.5 Comp.6 Comp.7 Comp.8 Comp.9 Comp.10
age      -0.204         0.197               -0.182        -0.205
sex                    -0.106 -0.215                0.147                0.146
painloc         -0.133  0.209                0.255         0.136 -0.105
painexer -0.192 -0.223                0.288  0.188 -0.162
relrest  -0.181 -0.203                0.114  0.314         0.197
cp       -0.181 -0.276                0.216  0.288 -0.128  0.184
trestbps -0.196         0.310 -0.133        -0.202
htn                     0.313 -0.134 -0.219                              0.106
chol                    0.118  0.166  0.175 -0.156 -0.232               -0.194
smoke     0.160        -0.191 -0.334                                    -0.186
cigs                   -0.250 -0.320                                     0.240
years     0.155 -0.117 -0.133 -0.344                              0.103
fbs              0.111  0.196               -0.168 -0.154                0.315
famhist                       -0.124 -0.235                0.159        -0.316
restecg   0.125         0.132                             -0.128  0.257  0.229
ekgmo           -0.189 -0.134                       0.178        -0.289
ekgday                 -0.149                       0.357         0.264  0.166
ekgyr    -0.357  0.130 -0.161 -0.127               -0.195
dig       0.166                      -0.111 -0.241         0.111  0.227 -0.183
prop                    0.137 -0.106         0.115  0.179 -0.179  0.135 -0.116
nitr                    0.123        -0.215  0.181        -0.255 -0.139
pro                           -0.177 -0.253                0.170 -0.112
diuretic        -0.140  0.162 -0.221                0.106         0.187 -0.109
proto    -0.288  0.135 -0.240        -0.102               -0.171
thaldur          0.402                              0.102  0.153 -0.190 -0.113
met              0.353                0.126         0.131  0.237 -0.172
thalach          0.151        -0.129  0.323         0.279  0.172
thalrest                              0.349         0.169         0.119
tpeakbps         0.264  0.229 -0.167                0.154                0.158
tpeakbpd  0.139         0.223         0.124  0.141  0.235  0.144
trestbpd                0.200 -0.181        -0.154         0.135
exang    -0.105 -0.260                      -0.141  0.135        -0.110 -0.174
xhypo    -0.128                       0.153 -0.177               -0.148
oldpeak  -0.250                       0.204 -0.208  0.116               -0.274
rldv5    -0.238                0.274 -0.118         0.280         0.249 -0.137
rldv5e   -0.238                0.262 -0.191         0.255         0.224 -0.153
cmo             -0.244 -0.131  0.117        -0.124  0.210        -0.291
cday                                  0.135  0.129  0.160 -0.310         0.299
cyr      -0.352  0.156 -0.160 -0.134               -0.185
lmt      -0.104                                    -0.149  0.166
ladprox         -0.103        -0.127  0.229 -0.220                       0.140
laddist                                      0.123  0.102        -0.233
diag     -0.105                      -0.109                0.384         0.174
cxmain          -0.126                      -0.233               -0.118
ramus            0.103  0.113 -0.139  0.140        -0.114 -0.232        -0.116
om1             -0.105  0.100 -0.144                             -0.347 -0.161
om2                     0.249 -0.217  0.100  0.133        -0.310        -0.142
rcaprox         -0.139        -0.118        -0.347        -0.113
rcadist  -0.196                      -0.192         0.131        -0.177  0.172
         Comp.11 Comp.12 Comp.13 Comp.14 Comp.15 Comp.16 Comp.17 Comp.18 Comp.19
age      -0.163          -0.136   0.110           0.110           0.185  -0.230
sex              -0.264           0.125                  -0.206  -0.150  -0.363
painloc                           0.210   0.397                  -0.138  -0.199
painexer                                         -0.246
relrest  -0.147                                           0.229   0.114
cp                                               -0.138
trestbps  0.112          -0.129  -0.101
htn      -0.123           0.241  -0.196   0.100   0.102
chol              0.180  -0.233                           0.113  -0.105  -0.178
smoke    -0.107                                           0.203
cigs                     -0.160           0.131                  -0.118   0.198
years                    -0.264                           0.156   0.211
fbs      -0.182   0.233           0.139   0.176                   0.135   0.250
famhist           0.269           0.199   0.119          -0.113           0.209
restecg  -0.169                                  -0.216  -0.139          -0.238
ekgmo    -0.384   0.110  -0.184  -0.205  -0.258
ekgday    0.168   0.147           0.172   0.161
ekgyr             0.133                           0.168  -0.111
dig                       0.121  -0.146          -0.255  -0.247          -0.129
prop              0.242  -0.265  -0.255  -0.141  -0.265          -0.185  -0.188
nitr                              0.322  -0.116                  -0.135
pro               0.168   0.127   0.208  -0.186  -0.188  -0.190
diuretic -0.194           0.170  -0.138   0.170   0.322   0.248   0.107  -0.126
proto                                                    -0.156
thaldur  -0.152                           0.114  -0.138   0.111  -0.183  -0.152
met      -0.139                           0.171  -0.230   0.215  -0.143  -0.166
thalach                           0.135           0.102           0.290   0.111
thalrest          0.183                  -0.220   0.151  -0.344          -0.102
tpeakbps -0.110  -0.145           0.166  -0.242                   0.162  -0.112
tpeakbpd  0.102  -0.105           0.146  -0.169   0.353  -0.157
trestbpd  0.371   0.130  -0.147  -0.210  -0.110          -0.134  -0.124   0.114
exang     0.206  -0.116  -0.215   0.208   0.156  -0.106
xhypo             0.349          -0.156   0.253   0.155           0.123
oldpeak          -0.159   0.101           0.100                   0.143   0.175
rldv5            -0.105                                                   0.119
rldv5e                                   -0.108           0.104
cmo      -0.337          -0.142                          -0.116
cday      0.209   0.127                   0.122           0.258  -0.119
cyr               0.146                           0.164
lmt              -0.226  -0.455  -0.245           0.126
ladprox          -0.137   0.224                           0.117  -0.310   0.236
laddist   0.331  -0.207          -0.191   0.182  -0.167  -0.168   0.349  -0.174
diag             -0.262                                          -0.327   0.139
cxmain    0.104   0.130           0.137  -0.356  -0.184   0.350   0.191  -0.105
ramus    -0.196  -0.260           0.165   0.104  -0.133  -0.169   0.115   0.279
om1                       0.313  -0.280           0.122          -0.129
om2                                              -0.257  -0.104           0.209
rcaprox                           0.184   0.156                  -0.297
rcadist           0.124   0.214                          -0.106
         Comp.20 Comp.21 Comp.22 Comp.23 Comp.24 Comp.25 Comp.26 Comp.27 Comp.28
age              -0.288                                   0.396  -0.242
sex              -0.133           0.446          -0.133  -0.314
painloc  -0.168   0.112                                  -0.149          -0.219
painexer  0.177                                           0.154          -0.264
relrest                                                                   0.277
cp
trestbps          0.179          -0.123  -0.144  -0.269  -0.129
htn       0.184          -0.168           0.184          -0.194           0.112
chol      0.212           0.138          -0.108  -0.199  -0.167  -0.237   0.255
smoke             0.119   0.248  -0.173                  -0.246          -0.206
cigs                                     -0.103  -0.125   0.158           0.135
years                                     0.117           0.155  -0.320  -0.191
fbs       0.229   0.238                                  -0.130          -0.120
famhist   0.149                   0.227  -0.132           0.313
restecg  -0.281   0.125  -0.106  -0.452  -0.184   0.127   0.104
ekgmo                    -0.136                           0.108
ekgday           -0.192                  -0.154   0.163  -0.203  -0.214   0.170
ekgyr             0.109          -0.115
dig                       0.146   0.104  -0.315   0.120
prop                                      0.284   0.259
nitr                     -0.285          -0.265   0.213          -0.178  -0.265
pro       0.125  -0.350  -0.169  -0.225   0.163  -0.183           0.323
diuretic          0.184                   0.100  -0.136   0.129   0.183
proto             0.109                  -0.163                          -0.238
thaldur                                          -0.133                  -0.111
met                      -0.120  -0.119                          -0.133
thalach                                  -0.181   0.227
thalrest  0.197                   0.143           0.107                  -0.122
tpeakbps  0.133   0.141   0.100          -0.148
tpeakbpd -0.143           0.238           0.136                          -0.137
trestbpd -0.278                  -0.127  -0.169  -0.288
exang                    -0.128  -0.198   0.235   0.234           0.124   0.199
xhypo    -0.419  -0.141           0.216   0.159   0.131                  -0.154
oldpeak                  -0.227          -0.137   0.101
rldv5                                            -0.153
rldv5e                    0.116                  -0.176                  -0.126
cmo               0.158                  -0.103  -0.108  -0.137           0.103
cday             -0.192   0.167   0.123  -0.205  -0.151   0.192   0.211
cyr                                                                       0.130
lmt       0.220  -0.344                  -0.134   0.189  -0.124   0.272  -0.271
ladprox                  -0.246           0.261                  -0.282  -0.231
laddist   0.184   0.310  -0.109   0.141                   0.110  -0.188
diag     -0.120   0.176   0.148   0.137           0.335   0.289           0.215
cxmain   -0.206   0.117   0.108   0.281           0.175  -0.123   0.176
ramus    -0.240  -0.133   0.224                  -0.119           0.146   0.189
om1       0.140  -0.178   0.115          -0.325   0.185
om2                               0.205
rcaprox   0.228   0.235   0.205                           0.194   0.297
rcadist          -0.146   0.503  -0.198   0.132          -0.127  -0.276  -0.131
         Comp.29 Comp.30 Comp.31 Comp.32 Comp.33 Comp.34 Comp.35 Comp.36 Comp.37
age                                               0.197           0.286  -0.141
sex       0.138  -0.231   0.196
painloc  -0.131   0.314                           0.150
painexer                  0.199           0.232          -0.122   0.215
relrest   0.179          -0.140          -0.211  -0.278   0.150  -0.188   0.133
cp                                        0.104
trestbps -0.206           0.333          -0.235
htn               0.222  -0.265  -0.258   0.187   0.251           0.105   0.127
chol             -0.238  -0.379  -0.136                  -0.174  -0.175
smoke                    -0.150                   0.195  -0.325   0.187  -0.167
cigs     -0.162                                   0.248   0.249  -0.247  -0.101
years     0.188   0.111                  -0.114  -0.205
fbs                               0.143          -0.205   0.145          -0.221
famhist   0.280   0.150   0.141           0.144          -0.248           0.158
restecg   0.361          -0.117                          -0.124
ekgmo                                     0.246
ekgday   -0.207   0.138                   0.102  -0.319           0.290
ekgyr     0.130                   0.335                                  -0.154
dig      -0.258          -0.132   0.278                   0.202  -0.174
prop     -0.112                   0.141                                   0.292
nitr             -0.365                  -0.161   0.138                   0.153
pro      -0.165  -0.198  -0.261          -0.120  -0.117  -0.108   0.109  -0.111
diuretic -0.114  -0.224   0.105   0.154
proto    -0.230                  -0.449   0.124  -0.129          -0.292
thaldur                                                   0.196
met       0.105
thalach          -0.206                           0.411   0.126
thalrest          0.139          -0.142  -0.508
tpeakbps          0.191                   0.102  -0.100  -0.325  -0.236
tpeakbpd                 -0.218   0.232   0.322  -0.232   0.169
trestbpd  0.120                  -0.119           0.127           0.119
exang             0.138   0.107                                  -0.395  -0.218
xhypo            -0.173                          -0.125  -0.278
oldpeak                  -0.186   0.122   0.215  -0.104  -0.138           0.140
rldv5                    -0.149          -0.225
rldv5e                                                                   -0.148
cmo               0.151           0.197                  -0.134
cday              0.103  -0.201   0.249                  -0.192  -0.121
cyr       0.102   0.126           0.285
lmt       0.253                                                           0.136
ladprox           0.132           0.189                          -0.228
laddist                  -0.316          -0.109
diag     -0.120  -0.206  -0.113          -0.125          -0.272   0.115
cxmain            0.259  -0.124                           0.139
ramus    -0.143          -0.109          -0.147                           0.390
om1               0.120                  -0.105  -0.221                  -0.206
om2       0.230  -0.137          -0.142   0.118  -0.167                  -0.502
rcaprox   0.223                  -0.147                   0.276   0.206   0.251
rcadist   0.237  -0.190   0.114                                  -0.231
         Comp.38 Comp.39 Comp.40 Comp.41 Comp.42 Comp.43 Comp.44 Comp.45 Comp.46
age               0.106  -0.125  -0.105                  -0.236   0.131
sex              -0.161   0.100   0.123  -0.134          -0.102
painloc  -0.378           0.141   0.105   0.182   0.159                   0.105
painexer  0.185                          -0.249   0.123          -0.171   0.306
relrest                   0.105  -0.282                  -0.255           0.110
cp        0.121                  -0.129   0.116                          -0.440
trestbps         -0.140  -0.110   0.138   0.157  -0.449                   0.106
htn       0.238  -0.246                          -0.140          -0.191   0.142
chol                              0.164                   0.142
smoke                            -0.222          -0.130  -0.163   0.243  -0.200
cigs             -0.149  -0.446   0.175           0.147
years            -0.202   0.236   0.205                          -0.255   0.185
fbs              -0.151   0.122          -0.242   0.169  -0.242          -0.223
famhist                                  -0.148  -0.217           0.157  -0.102
restecg                  -0.119   0.195  -0.118  -0.108
ekgmo                     0.420   0.146                   0.182   0.324
ekgday            0.211                                   0.270
ekgyr
dig       0.122           0.138  -0.295   0.120                           0.151
prop     -0.239          -0.192          -0.120   0.139  -0.188  -0.123
nitr      0.290  -0.104
pro      -0.143                                                           0.117
diuretic  0.174   0.434           0.106           0.114
proto             0.216                  -0.222  -0.123  -0.281           0.123
thaldur   0.154                                  -0.224                  -0.143
met       0.171                                   0.204           0.113
thalach  -0.275           0.128          -0.189  -0.132                   0.235
thalrest  0.201                   0.240   0.108
tpeakbps         -0.111          -0.248   0.123   0.342   0.313
tpeakbpd         -0.136  -0.156          -0.138  -0.213  -0.154
trestbpd          0.165   0.208  -0.151  -0.144   0.349  -0.157          -0.145
exang     0.322  -0.143   0.130          -0.133
xhypo            -0.167  -0.121  -0.227  -0.163           0.179
oldpeak  -0.155  -0.122           0.228   0.355   0.178  -0.315          -0.133
rldv5            -0.162  -0.157                   0.150           0.401   0.366
rldv5e   -0.191  -0.130   0.152          -0.135  -0.101   0.224  -0.404  -0.334
cmo       0.104   0.252  -0.210  -0.178                  -0.138  -0.448   0.133
cday      0.111           0.243           0.121  -0.102  -0.214
cyr                                              -0.125
lmt               0.186                                   0.124
ladprox  -0.253   0.193          -0.174  -0.111                   0.103
laddist           0.137                  -0.193           0.144
diag                      0.191   0.133
cxmain            0.145  -0.172   0.275
ramus                             0.177  -0.231
om1      -0.192  -0.170  -0.100          -0.308
om2                                       0.288           0.121           0.149
rcaprox  -0.111  -0.139          -0.204                   0.127
rcadist           0.150           0.136   0.187                   0.120
         Comp.47 Comp.48 Comp.49
age       0.203
sex
painloc
painexer  0.228   0.279
relrest   0.266   0.186   0.113
cp       -0.436  -0.374
trestbps
htn
chol
smoke     0.150
cigs      0.130
years    -0.241  -0.114
fbs
famhist
restecg           0.100
ekgmo
ekgday
ekgyr            -0.223   0.646
dig
prop
nitr
pro
diuretic -0.103
proto            -0.190
thaldur  -0.275   0.523   0.207
met       0.322  -0.481  -0.199
thalach  -0.208
thalrest  0.161
tpeakbps
tpeakbpd  0.122
trestbpd
exang
xhypo
oldpeak
rldv5    -0.342
rldv5e    0.281
cmo
cday
cyr               0.174  -0.679
lmt
ladprox
laddist
diag
cxmain
ramus
om1
om2
rcaprox
rcadist
