Loadings:
         Comp.1 Comp.2 Comp.3 Comp.4 Comp.5 Comp.6 Comp.7 Comp.8 Comp.9 Comp.10
age                     0.366         0.115        -0.106  0.158  0.220 -0.138
sex             -0.107               -0.238               -0.326  0.118
painloc  -0.209 -0.265 -0.145 -0.197                                     0.160
painexer -0.245 -0.238 -0.183 -0.211                0.160
relrest  -0.215 -0.193 -0.187 -0.264                0.147  0.144
cp       -0.214 -0.292 -0.203 -0.250
trestbps -0.154  0.126  0.369 -0.192         0.114         0.169  0.116
restecg          0.110  0.170        -0.182                0.101  0.202 -0.451
ekgmo    -0.337  0.199               -0.120 -0.168
ekgday          -0.143 -0.219        -0.172  0.420 -0.178  0.222
ekgyr     0.316 -0.219  0.142 -0.179  0.137         0.171
dig                            0.140         0.167  0.281  0.187         0.342
prop      0.111 -0.227         0.129        -0.201 -0.174         0.204  0.143
nitr      0.137 -0.214                      -0.307         0.181  0.332
pro             -0.111  0.106        -0.198 -0.331 -0.201  0.325         0.104
diuretic -0.105 -0.119  0.133  0.113 -0.114 -0.201 -0.162  0.173 -0.162
thaldur   0.231               -0.107 -0.355 -0.161  0.192 -0.166         0.214
thalach   0.184  0.172 -0.191 -0.187 -0.242         0.247  0.232 -0.236
thalrest         0.269 -0.156                       0.222  0.411 -0.151 -0.160
tpeakbps         0.215  0.117 -0.372 -0.176                0.197
tpeakbpd -0.116  0.125  0.148 -0.352         0.100                0.189
trestbpd -0.206  0.106  0.199 -0.179         0.214 -0.123         0.163  0.152
exang    -0.188                              0.153 -0.315        -0.251 -0.117
xhypo                   0.114  0.170  0.226  0.229  0.290  0.269         0.182
oldpeak         -0.110        -0.298                0.151        -0.205 -0.187
cmo      -0.345  0.185               -0.128 -0.128        -0.109
cday            -0.129 -0.189        -0.188  0.381 -0.231  0.228
cyr       0.275 -0.194  0.136 -0.154  0.202         0.144 -0.138
lmt             -0.103 -0.142  0.123  0.119 -0.116  0.135         0.166 -0.333
ladprox  -0.150 -0.113         0.186  0.132                0.122        -0.195
laddist         -0.150  0.117        -0.348                              0.198
diag            -0.187  0.196        -0.179                      -0.323
cxmain   -0.102 -0.128               -0.190  0.219        -0.208        -0.366
ramus    -0.139 -0.107  0.237  0.129                0.108        -0.311
om1             -0.186  0.154  0.153 -0.247         0.315         0.124 -0.149
om2             -0.161  0.212                                    -0.338
rcaprox  -0.189         0.119         0.159         0.133         0.116  0.156
rcadist  -0.106                0.137 -0.255         0.277         0.220
