             chol        thaldur     thaltime    met         thalach
(Intercept)   2.182e+02   2.964e+00   1.941e+00   4.167e+00   1.216e+02
proto         5.933e-01   7.621e-02   7.395e-02   1.284e-02   1.241e-01
restecg      -1.965e+01   1.506e-01   4.325e-01   1.305e-01  -2.202e-01
dig           6.033e+00   3.130e+00   2.889e+00   1.519e+00  -8.249e+00
prop          1.800e+01   3.734e-01   6.787e-01   4.875e-02  -6.759e+00
nitr         -1.390e+01  -3.582e-01  -3.903e-01   3.416e-02  -5.949e+00
pro          -6.872e+01   1.142e+00   9.582e-01   4.637e-01   1.990e-02
diuretic     -4.914e+01   1.516e+00   6.732e-01   3.744e-01   1.610e+01
             thalrest    tpeakbps    tpeakbpd    trestbpd    oldpeak
(Intercept)   7.475e+01   1.607e+02   9.326e+01   8.488e+01   1.937e+00
proto         4.602e-02   2.114e-01   3.306e-02   1.262e-02  -3.094e-03
restecg       1.481e+00   3.762e+00  -1.245e+00   1.159e+00  -2.081e-01
dig           2.175e+00  -7.984e+00  -1.854e+01  -4.949e+00   4.202e-01
prop         -2.692e-01   5.788e-02  -1.988e+00   5.123e-01  -1.674e-02
nitr         -8.676e+00  -9.099e+00  -3.690e+00  -3.270e+00   2.621e-01
pro           2.958e+00   4.851e+00   7.011e+00   2.962e-01  -8.122e-01
diuretic     -8.346e-01   6.602e+00   2.153e+00   1.116e+00  -2.439e-02
             rldv5       rldv5e
(Intercept)   1.487e+01   1.497e+01
proto        -6.571e-04  -6.529e-03
restecg       1.703e-01   2.203e-01
dig          -2.153e+00  -2.219e+00
prop          1.272e+00   1.175e+00
nitr          6.343e-01  -6.043e-01
pro          -1.583e+00   7.800e-01
diuretic     -1.303e-01   3.239e+00
